rowSize=0.090149447265625
heightRatio=1.44239115625
padding=2;2;2;2